**两杆，等腰三角形，顶点受压力

*Material,1
 1  6.90e+10  0.300  3836.00   200 0.1

//截面属性编号 面积
*Section,1
1   4.515500e-04


*Node,3
1	0.000000	0.000000	0.000000
2	50.000000	0.000000	0.000000
3	25.000000	0.000000	-1.963975




*Element T3D2 2
1	1	3	1 1
2	3	2	1 1




*Constraint,6
 1    1    0    0 
 2    1    1    0 
 3    1    2    0 
 4    2    0    0 
 5    2    1    0 
 6    2    2    0 


*Load FORCE_GRAVITY 1
1 2 -9.81 1

*Load FORCE_WIND 1
1 1 10 1

*Stress 2
1	2.741363733270e+03
2	2.713164002233e+03



*Analysis_Step,1
1	 Static	     1	    0.5 	 1e-5	 32
**2    Dynamic     400    0.002    1e-5    32