// 悬链线数据文件 - 由CAE2025自动生成
// 生成时间: 2026-01-29 17:38:04

*Structure,1
*Material,2
  1  6.90e+10  0.300  3836.00
  2  7.10e+10  0.300  2700.00
*Property,2
  1  1  4.515500e-04
  2  2  5.144000e-04

*Node,53
1	0.000000	0.000000	0.000000
2	200.000000	0.000000	0.000000
3	0.996084	0.000000	-0.088413
4	4.946607	0.000000	-0.430328
5	8.898304	0.000000	-0.758384
6	12.851129	0.000000	-1.072569
7	16.805032	0.000000	-1.372873
8	20.759966	0.000000	-1.659284
9	24.715882	0.000000	-1.931792
10	28.672733	0.000000	-2.190385
11	32.630468	0.000000	-2.435056
12	36.589041	0.000000	-2.665794
13	40.548401	0.000000	-2.882591
14	44.508500	0.000000	-3.085438
15	48.469290	0.000000	-3.274330
16	52.430721	0.000000	-3.449258
17	56.392744	0.000000	-3.610215
18	60.355310	0.000000	-3.757196
19	64.318370	0.000000	-3.890196
20	68.281875	0.000000	-4.009209
21	72.245775	0.000000	-4.114231
22	76.210021	0.000000	-4.205258
23	80.174564	0.000000	-4.282287
24	84.139355	0.000000	-4.345314
25	88.104343	0.000000	-4.394338
26	92.069479	0.000000	-4.429356
27	96.034715	0.000000	-4.450368
28	100.000000	0.000000	-4.457372
29	103.965285	0.000000	-4.450368
30	107.930521	0.000000	-4.429356
31	111.895657	0.000000	-4.394338
32	115.860645	0.000000	-4.345314
33	119.825436	0.000000	-4.282287
34	123.789979	0.000000	-4.205258
35	127.754225	0.000000	-4.114231
36	131.718125	0.000000	-4.009209
37	135.681630	0.000000	-3.890196
38	139.644690	0.000000	-3.757196
39	143.607256	0.000000	-3.610215
40	147.569279	0.000000	-3.449258
41	151.530710	0.000000	-3.274330
42	155.491500	0.000000	-3.085438
43	159.451599	0.000000	-2.882591
44	163.410959	0.000000	-2.665794
45	167.369532	0.000000	-2.435056
46	171.327267	0.000000	-2.190385
47	175.284118	0.000000	-1.931792
48	179.240034	0.000000	-1.659284
49	183.194968	0.000000	-1.372873
50	187.148871	0.000000	-1.072569
51	191.101696	0.000000	-0.758384
52	195.053393	0.000000	-0.430328
53	199.003916	0.000000	-0.088413
*Element_Truss3D,52
1	1	3	2
2	3	4	1
3	4	5	1
4	5	6	1
5	6	7	1
6	7	8	1
7	8	9	1
8	9	10	1
9	10	11	1
10	11	12	1
11	12	13	1
12	13	14	1
13	14	15	1
14	15	16	1
15	16	17	1
16	17	18	1
17	18	19	1
18	19	20	1
19	20	21	1
20	21	22	1
21	22	23	1
22	23	24	1
23	24	25	1
24	25	26	1
25	26	27	1
26	27	28	1
27	28	29	1
28	29	30	1
29	30	31	1
30	31	32	1
31	32	33	1
32	33	34	1
33	34	35	1
34	35	36	1
35	36	37	1
36	37	38	1
37	38	39	1
38	39	40	1
39	40	41	1
40	41	42	1
41	42	43	1
42	43	44	1
43	44	45	1
44	45	46	1
45	46	47	1
46	47	48	1
47	48	49	1
48	49	50	1
49	50	51	1
50	51	52	1
51	52	53	1
52	53	2	2
*Force_Node,0

*Axial_force,52
// 单元编号    初始轴力
1	1.914855047384e+04
2	1.914489622049e+04
3	1.913920403573e+04
4	1.913374743632e+04
5	1.912852662388e+04
6	1.912354179151e+04
7	1.911879312380e+04
8	1.911428079676e+04
9	1.911000497779e+04
10	1.910596582570e+04
11	1.910216349060e+04
12	1.909859811393e+04
13	1.909526982844e+04
14	1.909217875810e+04
15	1.908932501815e+04
16	1.908670871505e+04
17	1.908432994645e+04
18	1.908218880117e+04
19	1.908028535921e+04
20	1.907861969172e+04
21	1.907719186097e+04
22	1.907600192038e+04
23	1.907504991447e+04
24	1.907433587885e+04
25	1.907385984025e+04
26	1.907362181650e+04
27	1.907362181650e+04
28	1.907385984025e+04
29	1.907433587885e+04
30	1.907504991447e+04
31	1.907600192038e+04
32	1.907719186097e+04
33	1.907861969172e+04
34	1.908028535921e+04
35	1.908218880117e+04
36	1.908432994645e+04
37	1.908670871505e+04
38	1.908932501815e+04
39	1.909217875810e+04
40	1.909526982844e+04
41	1.909859811393e+04
42	1.910216349060e+04
43	1.910596582570e+04
44	1.911000497779e+04
45	1.911428079676e+04
46	1.911879312380e+04
47	1.912354179151e+04
48	1.912852662388e+04
49	1.913374743632e+04
50	1.913920403573e+04
51	1.914489622049e+04
52	1.914855047384e+04
