*MATERIAL, 1
1             +6.500000E+11    +0.000000E+00    +3.800000E+03    +0.000000E+00    +0.000000E+00

*SECTION, 1
1             +5.000000E-03

*NODE, 204
1             +0.000000E+00    -2.000000E-01    -2.000000E-01
2             +3.992536E+00    -2.000000E-01    -5.024546E-01
3             +7.985982E+00    -2.000000E-01    -7.926303E-01
4             +1.198030E+01    -2.000000E-01    -1.070519E+00
5             +1.597546E+01    -2.000000E-01    -1.336113E+00
6             +1.997142E+01    -2.000000E-01    -1.589404E+00
7             +2.396813E+01    -2.000000E-01    -1.830385E+00
8             +2.796557E+01    -2.000000E-01    -2.059050E+00
9             +3.196370E+01    -2.000000E-01    -2.275391E+00
10            +3.596247E+01    -2.000000E-01    -2.479403E+00
11            +3.996186E+01    -2.000000E-01    -2.671080E+00
12            +4.396182E+01    -2.000000E-01    -2.850417E+00
13            +4.796231E+01    -2.000000E-01    -3.017408E+00
14            +5.196330E+01    -2.000000E-01    -3.172048E+00
15            +5.596474E+01    -2.000000E-01    -3.314333E+00
16            +5.996661E+01    -2.000000E-01    -3.444260E+00
17            +6.396886E+01    -2.000000E-01    -3.561823E+00
18            +6.797145E+01    -2.000000E-01    -3.667021E+00
19            +7.197435E+01    -2.000000E-01    -3.759849E+00
20            +7.597752E+01    -2.000000E-01    -3.840306E+00
21            +7.998091E+01    -2.000000E-01    -3.908389E+00
22            +8.398450E+01    -2.000000E-01    -3.964095E+00
23            +8.798824E+01    -2.000000E-01    -4.007424E+00
24            +9.199210E+01    -2.000000E-01    -4.038375E+00
25            +9.599603E+01    -2.000000E-01    -4.056945E+00
26            +1.000000E+02    -2.000000E-01    -4.063135E+00
27            +1.040040E+02    -2.000000E-01    -4.056945E+00
28            +1.080079E+02    -2.000000E-01    -4.038375E+00
29            +1.120118E+02    -2.000000E-01    -4.007424E+00
30            +1.160155E+02    -2.000000E-01    -3.964095E+00
31            +1.200191E+02    -2.000000E-01    -3.908389E+00
32            +1.240225E+02    -2.000000E-01    -3.840306E+00
33            +1.280257E+02    -2.000000E-01    -3.759849E+00
34            +1.320285E+02    -2.000000E-01    -3.667021E+00
35            +1.360311E+02    -2.000000E-01    -3.561823E+00
36            +1.400334E+02    -2.000000E-01    -3.444260E+00
37            +1.440353E+02    -2.000000E-01    -3.314333E+00
38            +1.480367E+02    -2.000000E-01    -3.172048E+00
39            +1.520377E+02    -2.000000E-01    -3.017408E+00
40            +1.560382E+02    -2.000000E-01    -2.850417E+00
41            +1.600381E+02    -2.000000E-01    -2.671080E+00
42            +1.640375E+02    -2.000000E-01    -2.479403E+00
43            +1.680363E+02    -2.000000E-01    -2.275391E+00
44            +1.720344E+02    -2.000000E-01    -2.059050E+00
45            +1.760319E+02    -2.000000E-01    -1.830385E+00
46            +1.800286E+02    -2.000000E-01    -1.589404E+00
47            +1.840245E+02    -2.000000E-01    -1.336113E+00
48            +1.880197E+02    -2.000000E-01    -1.070519E+00
49            +1.920140E+02    -2.000000E-01    -7.926303E-01
50            +1.960075E+02    -2.000000E-01    -5.024546E-01
51            +2.000000E+02    -2.000000E-01    -2.000000E-01
52            +0.000000E+00    -2.000000E-01    +2.000000E-01
53            +3.992536E+00    -2.000000E-01    -1.024546E-01
54            +7.985982E+00    -2.000000E-01    -3.926303E-01
55            +1.198030E+01    -2.000000E-01    -6.705189E-01
56            +1.597546E+01    -2.000000E-01    -9.361125E-01
57            +1.997142E+01    -2.000000E-01    -1.189404E+00
58            +2.396813E+01    -2.000000E-01    -1.430385E+00
59            +2.796557E+01    -2.000000E-01    -1.659050E+00
60            +3.196370E+01    -2.000000E-01    -1.875391E+00
61            +3.596247E+01    -2.000000E-01    -2.079403E+00
62            +3.996186E+01    -2.000000E-01    -2.271080E+00
63            +4.396182E+01    -2.000000E-01    -2.450417E+00
64            +4.796231E+01    -2.000000E-01    -2.617408E+00
65            +5.196330E+01    -2.000000E-01    -2.772048E+00
66            +5.596474E+01    -2.000000E-01    -2.914333E+00
67            +5.996661E+01    -2.000000E-01    -3.044260E+00
68            +6.396886E+01    -2.000000E-01    -3.161823E+00
69            +6.797145E+01    -2.000000E-01    -3.267021E+00
70            +7.197435E+01    -2.000000E-01    -3.359849E+00
71            +7.597752E+01    -2.000000E-01    -3.440306E+00
72            +7.998091E+01    -2.000000E-01    -3.508389E+00
73            +8.398450E+01    -2.000000E-01    -3.564095E+00
74            +8.798824E+01    -2.000000E-01    -3.607424E+00
75            +9.199210E+01    -2.000000E-01    -3.638375E+00
76            +9.599603E+01    -2.000000E-01    -3.656945E+00
77            +1.000000E+02    -2.000000E-01    -3.663135E+00
78            +1.040040E+02    -2.000000E-01    -3.656945E+00
79            +1.080079E+02    -2.000000E-01    -3.638375E+00
80            +1.120118E+02    -2.000000E-01    -3.607424E+00
81            +1.160155E+02    -2.000000E-01    -3.564095E+00
82            +1.200191E+02    -2.000000E-01    -3.508389E+00
83            +1.240225E+02    -2.000000E-01    -3.440306E+00
84            +1.280257E+02    -2.000000E-01    -3.359849E+00
85            +1.320285E+02    -2.000000E-01    -3.267021E+00
86            +1.360311E+02    -2.000000E-01    -3.161823E+00
87            +1.400334E+02    -2.000000E-01    -3.044260E+00
88            +1.440353E+02    -2.000000E-01    -2.914333E+00
89            +1.480367E+02    -2.000000E-01    -2.772048E+00
90            +1.520377E+02    -2.000000E-01    -2.617408E+00
91            +1.560382E+02    -2.000000E-01    -2.450417E+00
92            +1.600381E+02    -2.000000E-01    -2.271080E+00
93            +1.640375E+02    -2.000000E-01    -2.079403E+00
94            +1.680363E+02    -2.000000E-01    -1.875391E+00
95            +1.720344E+02    -2.000000E-01    -1.659050E+00
96            +1.760319E+02    -2.000000E-01    -1.430385E+00
97            +1.800286E+02    -2.000000E-01    -1.189404E+00
98            +1.840245E+02    -2.000000E-01    -9.361125E-01
99            +1.880197E+02    -2.000000E-01    -6.705189E-01
100           +1.920140E+02    -2.000000E-01    -3.926303E-01
101           +1.960075E+02    -2.000000E-01    -1.024546E-01
102           +2.000000E+02    -2.000000E-01    +2.000000E-01
103           +0.000000E+00    +2.000000E-01    +2.000000E-01
104           +3.992536E+00    +2.000000E-01    -1.024546E-01
105           +7.985982E+00    +2.000000E-01    -3.926303E-01
106           +1.198030E+01    +2.000000E-01    -6.705189E-01
107           +1.597546E+01    +2.000000E-01    -9.361125E-01
108           +1.997142E+01    +2.000000E-01    -1.189404E+00
109           +2.396813E+01    +2.000000E-01    -1.430385E+00
110           +2.796557E+01    +2.000000E-01    -1.659050E+00
111           +3.196370E+01    +2.000000E-01    -1.875391E+00
112           +3.596247E+01    +2.000000E-01    -2.079403E+00
113           +3.996186E+01    +2.000000E-01    -2.271080E+00
114           +4.396182E+01    +2.000000E-01    -2.450417E+00
115           +4.796231E+01    +2.000000E-01    -2.617408E+00
116           +5.196330E+01    +2.000000E-01    -2.772048E+00
117           +5.596474E+01    +2.000000E-01    -2.914333E+00
118           +5.996661E+01    +2.000000E-01    -3.044260E+00
119           +6.396886E+01    +2.000000E-01    -3.161823E+00
120           +6.797145E+01    +2.000000E-01    -3.267021E+00
121           +7.197435E+01    +2.000000E-01    -3.359849E+00
122           +7.597752E+01    +2.000000E-01    -3.440306E+00
123           +7.998091E+01    +2.000000E-01    -3.508389E+00
124           +8.398450E+01    +2.000000E-01    -3.564095E+00
125           +8.798824E+01    +2.000000E-01    -3.607424E+00
126           +9.199210E+01    +2.000000E-01    -3.638375E+00
127           +9.599603E+01    +2.000000E-01    -3.656945E+00
128           +1.000000E+02    +2.000000E-01    -3.663135E+00
129           +1.040040E+02    +2.000000E-01    -3.656945E+00
130           +1.080079E+02    +2.000000E-01    -3.638375E+00
131           +1.120118E+02    +2.000000E-01    -3.607424E+00
132           +1.160155E+02    +2.000000E-01    -3.564095E+00
133           +1.200191E+02    +2.000000E-01    -3.508389E+00
134           +1.240225E+02    +2.000000E-01    -3.440306E+00
135           +1.280257E+02    +2.000000E-01    -3.359849E+00
136           +1.320285E+02    +2.000000E-01    -3.267021E+00
137           +1.360311E+02    +2.000000E-01    -3.161823E+00
138           +1.400334E+02    +2.000000E-01    -3.044260E+00
139           +1.440353E+02    +2.000000E-01    -2.914333E+00
140           +1.480367E+02    +2.000000E-01    -2.772048E+00
141           +1.520377E+02    +2.000000E-01    -2.617408E+00
142           +1.560382E+02    +2.000000E-01    -2.450417E+00
143           +1.600381E+02    +2.000000E-01    -2.271080E+00
144           +1.640375E+02    +2.000000E-01    -2.079403E+00
145           +1.680363E+02    +2.000000E-01    -1.875391E+00
146           +1.720344E+02    +2.000000E-01    -1.659050E+00
147           +1.760319E+02    +2.000000E-01    -1.430385E+00
148           +1.800286E+02    +2.000000E-01    -1.189404E+00
149           +1.840245E+02    +2.000000E-01    -9.361125E-01
150           +1.880197E+02    +2.000000E-01    -6.705189E-01
151           +1.920140E+02    +2.000000E-01    -3.926303E-01
152           +1.960075E+02    +2.000000E-01    -1.024546E-01
153           +2.000000E+02    +2.000000E-01    +2.000000E-01
154           +0.000000E+00    +2.000000E-01    -2.000000E-01
155           +3.992536E+00    +2.000000E-01    -5.024546E-01
156           +7.985982E+00    +2.000000E-01    -7.926303E-01
157           +1.198030E+01    +2.000000E-01    -1.070519E+00
158           +1.597546E+01    +2.000000E-01    -1.336113E+00
159           +1.997142E+01    +2.000000E-01    -1.589404E+00
160           +2.396813E+01    +2.000000E-01    -1.830385E+00
161           +2.796557E+01    +2.000000E-01    -2.059050E+00
162           +3.196370E+01    +2.000000E-01    -2.275391E+00
163           +3.596247E+01    +2.000000E-01    -2.479403E+00
164           +3.996186E+01    +2.000000E-01    -2.671080E+00
165           +4.396182E+01    +2.000000E-01    -2.850417E+00
166           +4.796231E+01    +2.000000E-01    -3.017408E+00
167           +5.196330E+01    +2.000000E-01    -3.172048E+00
168           +5.596474E+01    +2.000000E-01    -3.314333E+00
169           +5.996661E+01    +2.000000E-01    -3.444260E+00
170           +6.396886E+01    +2.000000E-01    -3.561823E+00
171           +6.797145E+01    +2.000000E-01    -3.667021E+00
172           +7.197435E+01    +2.000000E-01    -3.759849E+00
173           +7.597752E+01    +2.000000E-01    -3.840306E+00
174           +7.998091E+01    +2.000000E-01    -3.908389E+00
175           +8.398450E+01    +2.000000E-01    -3.964095E+00
176           +8.798824E+01    +2.000000E-01    -4.007424E+00
177           +9.199210E+01    +2.000000E-01    -4.038375E+00
178           +9.599603E+01    +2.000000E-01    -4.056945E+00
179           +1.000000E+02    +2.000000E-01    -4.063135E+00
180           +1.040040E+02    +2.000000E-01    -4.056945E+00
181           +1.080079E+02    +2.000000E-01    -4.038375E+00
182           +1.120118E+02    +2.000000E-01    -4.007424E+00
183           +1.160155E+02    +2.000000E-01    -3.964095E+00
184           +1.200191E+02    +2.000000E-01    -3.908389E+00
185           +1.240225E+02    +2.000000E-01    -3.840306E+00
186           +1.280257E+02    +2.000000E-01    -3.759849E+00
187           +1.320285E+02    +2.000000E-01    -3.667021E+00
188           +1.360311E+02    +2.000000E-01    -3.561823E+00
189           +1.400334E+02    +2.000000E-01    -3.444260E+00
190           +1.440353E+02    +2.000000E-01    -3.314333E+00
191           +1.480367E+02    +2.000000E-01    -3.172048E+00
192           +1.520377E+02    +2.000000E-01    -3.017408E+00
193           +1.560382E+02    +2.000000E-01    -2.850417E+00
194           +1.600381E+02    +2.000000E-01    -2.671080E+00
195           +1.640375E+02    +2.000000E-01    -2.479403E+00
196           +1.680363E+02    +2.000000E-01    -2.275391E+00
197           +1.720344E+02    +2.000000E-01    -2.059050E+00
198           +1.760319E+02    +2.000000E-01    -1.830385E+00
199           +1.800286E+02    +2.000000E-01    -1.589404E+00
200           +1.840245E+02    +2.000000E-01    -1.336113E+00
201           +1.880197E+02    +2.000000E-01    -1.070519E+00
202           +1.920140E+02    +2.000000E-01    -7.926303E-01
203           +1.960075E+02    +2.000000E-01    -5.024546E-01
204           +2.000000E+02    +2.000000E-01    -2.000000E-01

*ELEMENT, T3D2, 208
1                   1          2          1          1
2                   2          3          1          1
3                   3          4          1          1
4                   4          5          1          1
5                   5          6          1          1
6                   6          7          1          1
7                   7          8          1          1
8                   8          9          1          1
9                   9         10          1          1
10                 10         11          1          1
11                 11         12          1          1
12                 12         13          1          1
13                 13         14          1          1
14                 14         15          1          1
15                 15         16          1          1
16                 16         17          1          1
17                 17         18          1          1
18                 18         19          1          1
19                 19         20          1          1
20                 20         21          1          1
21                 21         22          1          1
22                 22         23          1          1
23                 23         24          1          1
24                 24         25          1          1
25                 25         26          1          1
26                 26         27          1          1
27                 27         28          1          1
28                 28         29          1          1
29                 29         30          1          1
30                 30         31          1          1
31                 31         32          1          1
32                 32         33          1          1
33                 33         34          1          1
34                 34         35          1          1
35                 35         36          1          1
36                 36         37          1          1
37                 37         38          1          1
38                 38         39          1          1
39                 39         40          1          1
40                 40         41          1          1
41                 41         42          1          1
42                 42         43          1          1
43                 43         44          1          1
44                 44         45          1          1
45                 45         46          1          1
46                 46         47          1          1
47                 47         48          1          1
48                 48         49          1          1
49                 49         50          1          1
50                 50         51          1          1
51                 52         53          1          1
52                 53         54          1          1
53                 54         55          1          1
54                 55         56          1          1
55                 56         57          1          1
56                 57         58          1          1
57                 58         59          1          1
58                 59         60          1          1
59                 60         61          1          1
60                 61         62          1          1
61                 62         63          1          1
62                 63         64          1          1
63                 64         65          1          1
64                 65         66          1          1
65                 66         67          1          1
66                 67         68          1          1
67                 68         69          1          1
68                 69         70          1          1
69                 70         71          1          1
70                 71         72          1          1
71                 72         73          1          1
72                 73         74          1          1
73                 74         75          1          1
74                 75         76          1          1
75                 76         77          1          1
76                 77         78          1          1
77                 78         79          1          1
78                 79         80          1          1
79                 80         81          1          1
80                 81         82          1          1
81                 82         83          1          1
82                 83         84          1          1
83                 84         85          1          1
84                 85         86          1          1
85                 86         87          1          1
86                 87         88          1          1
87                 88         89          1          1
88                 89         90          1          1
89                 90         91          1          1
90                 91         92          1          1
91                 92         93          1          1
92                 93         94          1          1
93                 94         95          1          1
94                 95         96          1          1
95                 96         97          1          1
96                 97         98          1          1
97                 98         99          1          1
98                 99        100          1          1
99                100        101          1          1
100               101        102          1          1
101               103        104          1          1
102               104        105          1          1
103               105        106          1          1
104               106        107          1          1
105               107        108          1          1
106               108        109          1          1
107               109        110          1          1
108               110        111          1          1
109               111        112          1          1
110               112        113          1          1
111               113        114          1          1
112               114        115          1          1
113               115        116          1          1
114               116        117          1          1
115               117        118          1          1
116               118        119          1          1
117               119        120          1          1
118               120        121          1          1
119               121        122          1          1
120               122        123          1          1
121               123        124          1          1
122               124        125          1          1
123               125        126          1          1
124               126        127          1          1
125               127        128          1          1
126               128        129          1          1
127               129        130          1          1
128               130        131          1          1
129               131        132          1          1
130               132        133          1          1
131               133        134          1          1
132               134        135          1          1
133               135        136          1          1
134               136        137          1          1
135               137        138          1          1
136               138        139          1          1
137               139        140          1          1
138               140        141          1          1
139               141        142          1          1
140               142        143          1          1
141               143        144          1          1
142               144        145          1          1
143               145        146          1          1
144               146        147          1          1
145               147        148          1          1
146               148        149          1          1
147               149        150          1          1
148               150        151          1          1
149               151        152          1          1
150               152        153          1          1
151               154        155          1          1
152               155        156          1          1
153               156        157          1          1
154               157        158          1          1
155               158        159          1          1
156               159        160          1          1
157               160        161          1          1
158               161        162          1          1
159               162        163          1          1
160               163        164          1          1
161               164        165          1          1
162               165        166          1          1
163               166        167          1          1
164               167        168          1          1
165               168        169          1          1
166               169        170          1          1
167               170        171          1          1
168               171        172          1          1
169               172        173          1          1
170               173        174          1          1
171               174        175          1          1
172               175        176          1          1
173               176        177          1          1
174               177        178          1          1
175               178        179          1          1
176               179        180          1          1
177               180        181          1          1
178               181        182          1          1
179               182        183          1          1
180               183        184          1          1
181               184        185          1          1
182               185        186          1          1
183               186        187          1          1
184               187        188          1          1
185               188        189          1          1
186               189        190          1          1
187               190        191          1          1
188               191        192          1          1
189               192        193          1          1
190               193        194          1          1
191               194        195          1          1
192               195        196          1          1
193               196        197          1          1
194               197        198          1          1
195               198        199          1          1
196               199        200          1          1
197               200        201          1          1
198               201        202          1          1
199               202        203          1          1
200               203        204          1          1
201                17         68          1          1
202                68        119          1          1
203               119        170          1          1
204               170         17          1          1
205                33         84          1          1
206                84        135          1          1
207               135        186          1          1
208               186         33          1          1

*CONSTRAINT, 24
1                   1          0    +0.000000E+00
2                   1          1    +0.000000E+00
3                   1          2    +0.000000E+00
4                  51          0    +0.000000E+00
5                  51          1    +0.000000E+00
6                  51          2    +0.000000E+00
7                  52          0    +0.000000E+00
8                  52          1    +0.000000E+00
9                  52          2    +0.000000E+00
10                102          0    +0.000000E+00
11                102          1    +0.000000E+00
12                102          2    +0.000000E+00
13                103          0    +0.000000E+00
14                103          1    +0.000000E+00
15                103          2    +0.000000E+00
16                153          0    +0.000000E+00
17                153          1    +0.000000E+00
18                153          2    +0.000000E+00
19                154          0    +0.000000E+00
20                154          1    +0.000000E+00
21                154          2    +0.000000E+00
22                204          0    +0.000000E+00
23                204          1    +0.000000E+00
24                204          2    +0.000000E+00

*LOAD, FORCE_GRAVITY, 1
1                   2    -9.806650E+00          1

*STRESS, 208
1             +5.013749E+07
2             +5.012628E+07
3             +5.011555E+07
4             +5.010530E+07
5             +5.009552E+07
6             +5.008621E+07
7             +5.007738E+07
8             +5.006903E+07
9             +5.006115E+07
10            +5.005375E+07
11            +5.004683E+07
12            +5.004038E+07
13            +5.003441E+07
14            +5.002891E+07
15            +5.002390E+07
16            +5.001936E+07
17            +5.001529E+07
18            +5.001171E+07
19            +5.000860E+07
20            +5.000598E+07
21            +5.000382E+07
22            +5.000215E+07
23            +5.000096E+07
24            +5.000024E+07
25            +5.000000E+07
26            +5.000024E+07
27            +5.000096E+07
28            +5.000215E+07
29            +5.000382E+07
30            +5.000598E+07
31            +5.000860E+07
32            +5.001171E+07
33            +5.001529E+07
34            +5.001936E+07
35            +5.002390E+07
36            +5.002891E+07
37            +5.003441E+07
38            +5.004038E+07
39            +5.004683E+07
40            +5.005375E+07
41            +5.006115E+07
42            +5.006903E+07
43            +5.007738E+07
44            +5.008621E+07
45            +5.009552E+07
46            +5.010530E+07
47            +5.011555E+07
48            +5.012628E+07
49            +5.013749E+07
50            +5.014916E+07
51            +5.013749E+07
52            +5.012628E+07
53            +5.011555E+07
54            +5.010530E+07
55            +5.009552E+07
56            +5.008621E+07
57            +5.007738E+07
58            +5.006903E+07
59            +5.006115E+07
60            +5.005375E+07
61            +5.004683E+07
62            +5.004038E+07
63            +5.003441E+07
64            +5.002891E+07
65            +5.002390E+07
66            +5.001936E+07
67            +5.001529E+07
68            +5.001171E+07
69            +5.000860E+07
70            +5.000598E+07
71            +5.000382E+07
72            +5.000215E+07
73            +5.000096E+07
74            +5.000024E+07
75            +5.000000E+07
76            +5.000024E+07
77            +5.000096E+07
78            +5.000215E+07
79            +5.000382E+07
80            +5.000598E+07
81            +5.000860E+07
82            +5.001171E+07
83            +5.001529E+07
84            +5.001936E+07
85            +5.002390E+07
86            +5.002891E+07
87            +5.003441E+07
88            +5.004038E+07
89            +5.004683E+07
90            +5.005375E+07
91            +5.006115E+07
92            +5.006903E+07
93            +5.007738E+07
94            +5.008621E+07
95            +5.009552E+07
96            +5.010530E+07
97            +5.011555E+07
98            +5.012628E+07
99            +5.013749E+07
100           +5.014916E+07
101           +5.013749E+07
102           +5.012628E+07
103           +5.011555E+07
104           +5.010530E+07
105           +5.009552E+07
106           +5.008621E+07
107           +5.007738E+07
108           +5.006903E+07
109           +5.006115E+07
110           +5.005375E+07
111           +5.004683E+07
112           +5.004038E+07
113           +5.003441E+07
114           +5.002891E+07
115           +5.002390E+07
116           +5.001936E+07
117           +5.001529E+07
118           +5.001171E+07
119           +5.000860E+07
120           +5.000598E+07
121           +5.000382E+07
122           +5.000215E+07
123           +5.000096E+07
124           +5.000024E+07
125           +5.000000E+07
126           +5.000024E+07
127           +5.000096E+07
128           +5.000215E+07
129           +5.000382E+07
130           +5.000598E+07
131           +5.000860E+07
132           +5.001171E+07
133           +5.001529E+07
134           +5.001936E+07
135           +5.002390E+07
136           +5.002891E+07
137           +5.003441E+07
138           +5.004038E+07
139           +5.004683E+07
140           +5.005375E+07
141           +5.006115E+07
142           +5.006903E+07
143           +5.007738E+07
144           +5.008621E+07
145           +5.009552E+07
146           +5.010530E+07
147           +5.011555E+07
148           +5.012628E+07
149           +5.013749E+07
150           +5.014916E+07
151           +5.013749E+07
152           +5.012628E+07
153           +5.011555E+07
154           +5.010530E+07
155           +5.009552E+07
156           +5.008621E+07
157           +5.007738E+07
158           +5.006903E+07
159           +5.006115E+07
160           +5.005375E+07
161           +5.004683E+07
162           +5.004038E+07
163           +5.003441E+07
164           +5.002891E+07
165           +5.002390E+07
166           +5.001936E+07
167           +5.001529E+07
168           +5.001171E+07
169           +5.000860E+07
170           +5.000598E+07
171           +5.000382E+07
172           +5.000215E+07
173           +5.000096E+07
174           +5.000024E+07
175           +5.000000E+07
176           +5.000024E+07
177           +5.000096E+07
178           +5.000215E+07
179           +5.000382E+07
180           +5.000598E+07
181           +5.000860E+07
182           +5.001171E+07
183           +5.001529E+07
184           +5.001936E+07
185           +5.002390E+07
186           +5.002891E+07
187           +5.003441E+07
188           +5.004038E+07
189           +5.004683E+07
190           +5.005375E+07
191           +5.006115E+07
192           +5.006903E+07
193           +5.007738E+07
194           +5.008621E+07
195           +5.009552E+07
196           +5.010530E+07
197           +5.011555E+07
198           +5.012628E+07
199           +5.013749E+07
200           +5.014916E+07
201           +0.000000E+00
202           +0.000000E+00
203           +0.000000E+00
204           +0.000000E+00
205           +0.000000E+00
206           +0.000000E+00
207           +0.000000E+00
208           +0.000000E+00

*ANALYSIS_STEP, 1
1              STATIC    +1.000000E+00    +5.000000E-01    +1.000000E-04       1000
