*Material,2
  1  6.90e+10  0.300  3836.00    200 0.1
  2  7.10e+10  0.300  2700.00    200 0.1
*Section,2
  1 4.515500e-04
  2 5.144000e-04

*Node,53
1	0.000000	0.000000	0.000000
2	200.000000	0.000000	0.000000
3	0.995703	0.000000	-0.092609
4	4.945302	0.000000	-0.450802
5	8.896190	0.000000	-0.794488
6	12.848315	0.000000	-1.123651
7	16.801623	0.000000	-1.438279
8	20.756062	0.000000	-1.738359
9	24.711579	0.000000	-2.023879
10	28.668121	0.000000	-2.294827
11	32.625635	0.000000	-2.551192
12	36.584067	0.000000	-2.792964
13	40.543363	0.000000	-3.020133
14	44.503472	0.000000	-3.232689
15	48.464338	0.000000	-3.430624
16	52.425907	0.000000	-3.613929
17	56.388128	0.000000	-3.782598
18	60.350944	0.000000	-3.936623
19	64.314302	0.000000	-4.075998
20	68.278149	0.000000	-4.200718
21	72.242430	0.000000	-4.310776
22	76.207091	0.000000	-4.406170
23	80.172078	0.000000	-4.486894
24	84.137337	0.000000	-4.552945
25	88.102812	0.000000	-4.604321
26	92.068451	0.000000	-4.641020
27	96.034198	0.000000	-4.663040
28	100.000000	0.000000	-4.670380
29	103.965802	0.000000	-4.663040
30	107.931549	0.000000	-4.641020
31	111.897188	0.000000	-4.604321
32	115.862663	0.000000	-4.552945
33	119.827922	0.000000	-4.486894
34	123.792909	0.000000	-4.406170
35	127.757570	0.000000	-4.310776
36	131.721851	0.000000	-4.200718
37	135.685698	0.000000	-4.075998
38	139.649056	0.000000	-3.936623
39	143.611872	0.000000	-3.782598
40	147.574093	0.000000	-3.613929
41	151.535662	0.000000	-3.430624
42	155.496528	0.000000	-3.232689
43	159.456637	0.000000	-3.020133
44	163.415933	0.000000	-2.792964
45	167.374365	0.000000	-2.551192
46	171.331879	0.000000	-2.294827
47	175.288421	0.000000	-2.023879
48	179.243938	0.000000	-1.738359
49	183.198377	0.000000	-1.438279
50	187.151685	0.000000	-1.123651
51	191.103810	0.000000	-0.794488
52	195.054698	0.000000	-0.450802
53	199.004297	0.000000	-0.092609

*Element T3D2 52
1	1	3	2 2
2	3	4	1 1
3	4	5	1 1
4	5	6	1 1
5	6	7	1 1
6	7	8	1 1
7	8	9	1 1
8	9	10	1 1
9	10	11	1 1
10	11	12	1 1
11	12	13	1 1
12	13	14	1 1
13	14	15	1 1
14	15	16	1 1
15	16	17	1 1
16	17	18	1 1
17	18	19	1 1
18	19	20	1 1
19	20	21	1 1
20	21	22	1 1
21	22	23	1 1
22	23	24	1 1
23	24	25	1 1
24	25	26	1 1
25	26	27	1 1
26	27	28	1 1
27	28	29	1 1
28	29	30	1 1
29	30	31	1 1
30	31	32	1 1
31	32	33	1 1
32	33	34	1 1
33	34	35	1 1
34	35	36	1 1
35	36	37	1 1
36	37	38	1 1
37	38	39	1 1
38	39	40	1 1
39	40	41	1 1
40	41	42	1 1
41	42	43	1 1
42	43	44	1 1
43	44	45	1 1
44	45	46	1 1
45	46	47	1 1
46	47	48	1 1
47	48	49	1 1
48	49	50	1 1
49	50	51	1 1
50	51	52	1 1
51	52	53	1 1
52	53	2	2 2

*Constraint,6
  1    1    0    0 
  2    1    1    0 
  3    1    2    0 
  4    2    0    0 
  5    2    1    0 
  6    2    2    0

  *Load FORCE_GRAVITY 1
1 2 -9.81 1

*Stress 52
1	3.5543151639960371e+07
2	4.0481827221104011e+07
3	4.0468620965544470e+07
4	4.0455960925394088e+07
5	4.0443847613587454e+07
6	4.0432281521509320e+07
7	4.0421263118895747e+07
8	4.0410792853739575e+07
9	4.0400871152199939e+07
10	4.0391498418516189e+07
11	4.0382675034926005e+07
12	4.0374401361587845e+07
13	4.0366677736507826e+07
14	4.0359504475470945e+07
15	4.0352881871976800e+07
16	4.0346810197179660e+07
17	4.0341289699833177e+07
18	4.0336320606239513e+07
19	4.0331903120203033e+07
20	4.0328037422988601e+07
21	4.0324723673284426e+07
22	4.0321962007169522e+07
23	4.0319752538085774e+07
24	4.0318095356814682e+07
25	4.0316990531458668e+07
26	4.0316438107427143e+07
27	4.0316438107427143e+07
28	4.0316990531458668e+07
29	4.0318095356814682e+07
30	4.0319752538085774e+07
31	4.0321962007169522e+07
32	4.0324723673284426e+07
33	4.0328037422988601e+07
34	4.0331903120203033e+07
35	4.0336320606239513e+07
36	4.0341289699833177e+07
37	4.0346810197179660e+07
38	4.0352881871976800e+07
39	4.0359504475470945e+07
40	4.0366677736507826e+07
41	4.0374401361587845e+07
42	4.0382675034926005e+07
43	4.0391498418516189e+07
44	4.0400871152199939e+07
45	4.0410792853739575e+07
46	4.0421263118895747e+07
47	4.0432281521509320e+07
48	4.0443847613587454e+07
49	4.0455960925394088e+07
50	4.0468620965544470e+07
51	4.0481827221104011e+07
52	3.5543151639960371e+07



*Analysis_Step,1
1	 Static	     1	    0.05 	 1e-5	 32
