// 悬链线数据文件 - 由CAE2025自动生成
// 生成时间: 2026-01-29 16:03:12

*Structure,1
*Material,2
  1  6.90e+10  0.300  3836.00
  2  7.10e+10  0.300  2700.00
*Property,2
  1  1  4.515500e-04
  2  2  5.144000e-04

*Node,7
1	0.000000	0.000000	0.000000
2	50.000000	0.000000	0.000000
3	0.988302	0.000000	-0.152498
4	12.960163	0.000000	-1.509182
5	25.000000	0.000000	-1.963975
6	37.039837	0.000000	-1.509182
7	49.011698	0.000000	-0.152498
*Element_Truss3D,6
1	1	3	2
2	3	4	1
3	4	5	1
4	5	6	1
5	6	7	1
6	7	2	2
*Force_Node,0

*Axial_force,6
// 单元编号    初始轴力
1	2.741363733270e+03
2	2.728554625555e+03
3	2.713164002233e+03
4	2.713164002233e+03
5	2.728554625555e+03
6	2.741363733270e+03
