
*Node, 21
1,   0.0,  0.0, 0.0
2,   0.0,  1.0, 0.0
3,   0.0,  2.0, 0.0
4,   0.0,  3.0, 0.0
5,   0.0,  4.0, 0.0
6,   0.0,  5.0, 0.0
7,   0.0,  6.0, 0.0
8,   0.0,  7.0, 0.0
9,   0.0,  8.0, 0.0
10,  0.0,  9.0, 0.0
11,  0.0, 10.0, 0.0
12, -1.0, 10.0, 0.0
13, -2.0, 10.0, 0.0
14, -3.0, 10.0, 0.0
15, -4.0, 10.0, 0.0
16, -5.0, 10.0, 0.0
17, -6.0, 10.0, 0.0
18, -7.0, 10.0, 0.0
19, -8.0, 10.0, 0.0
20, -9.0, 10.0, 0.0
21,-10.0, 10.0, 0.0

*Element_Beam3D, 20
1,	1,	2
2,	2,	3
3,	3,	4
4,	4,	5,
5,	5,	6
6,	6,	7
7,	7,	8
8,	8,	9
9,	9,	10
10,	10,	11
11,	11,	12,
12,	12,	13
13,	13,	14
14,	14,	15
15,	15,	16
16,	16,	17
17,	17,	18
18,	18,	19
19,	19,	20
20,	20,	21


*Material,1
1	1.0e6	 -0.5   	1	0	18400000000

*Section_Beam3D,1
1     1         Circle   1    

*Section_Assign,20
1	1     0   0   1
2	1    0    0   1
3	1    0    0   1
4	1    0    0   1
5	1    0    0   1
6	1    0    0   1
7	1    0    0   1
8	1    0    0   1
9	1    0    0   1
10	1    0    0   1
11	1    0    0   1
12	1    0    0   1
13	1    0    0   1
14	1    0    0   1
15	1    0    0   1
16	1    0    0   1
17	1    0    0   1
18	1    0    0   1
19	1    0    0   1
20	1    0    0   1

** 约束定义：节点1完全固定
*Constraint, 6
1, 1, 0, 0
2, 1, 1, 0
3, 1, 2, 0
4, 1, 3, 0
5, 1, 4, 0
6, 1, 5, 0


*Force_Table 1
1  1  11  D:\VS\TSSBN_newend\force_table.txt


*Analysis_Step,1
1	Dynamic	 30    0.01    1e-5    32
