            TIME           N1-T1           N1-T2           N1-T3           N1-R1           N1-R2           N1-R3           N2-T1           N2-T2           N2-T3           N2-R1           N2-R2           N2-R3           N3-T1           N3-T2           N3-T3           N3-R1           N3-R2           N3-R3           N4-T1           N4-T2           N4-T3           N4-R1           N4-R2           N4-R3           N5-T1           N5-T2           N5-T3           N5-R1           N5-R2           N5-R3           N6-T1           N6-T2           N6-T3           N6-R1           N6-R2           N6-R3           N7-T1           N7-T2           N7-T3           N7-R1           N7-R2           N7-R3           N8-T1           N8-T2           N8-T3           N8-R1           N8-R2           N8-R3           N9-T1           N9-T2           N9-T3           N9-R1           N9-R2           N9-R3          N10-T1          N10-T2          N10-T3          N10-R1          N10-R2          N10-R3          N11-T1          N11-T2          N11-T3          N11-R1          N11-R2          N11-R3
----------------------------------------------------------------------------------------------------------------------------------------------------------------------------------------------------------------------------------------------------------------------------------------------------------------------------------------------------------------------------------------------------------------------------------------------------------------------------------------------------------------------------------------------------------------------------------------------------------------------------------------------------------------------------------------------------------------------------------------------------------------------------------------------------------------------------------------------------------------------------------------------------------------------------------------------------------------------------------------------------------------------------------------------------------------------------------------------------------------
      0.05000000      0.00000000      0.00000000      0.00000000      0.00000000      0.00000000      0.00000000 -4.11219250E-05      0.00785374      0.00000000      0.00000000      0.00000000      0.01570780     -0.00032896      0.03141302      0.00000000      0.00000000      0.00000000      0.03141560     -0.00111018      0.07067203      0.00000000      0.00000000      0.00000000      0.04712341     -0.00263132      0.12562108      0.00000000      0.00000000      0.00000000      0.06283121     -0.00513873      0.19624661      0.00000000      0.00000000      0.00000000      0.07853901     -0.00887852      0.28253121      0.00000000      0.00000000      0.00000000      0.09424681     -0.01409650      0.38445357      0.00000000      0.00000000      0.00000000      0.10995461     -0.02103811      0.50198856      0.00000000      0.00000000      0.00000000      0.12566241     -0.02994836      0.63510717      0.00000000      0.00000000      0.00000000      0.14137022     -0.04107180      0.78377656      0.00000000      0.00000000      0.00000000      0.15707802
      0.10000000      0.00000000      0.00000000      0.00000000      0.00000000      0.00000000      0.00000000     -0.00016447      0.01570603      0.00000000      0.00000000      0.00000000      0.03141463     -0.00131558      0.06280860      0.00000000      0.00000000      0.00000000      0.06282927     -0.00443898      0.14126125      0.00000000      0.00000000      0.00000000      0.09424390     -0.01051840      0.25098656      0.00000000      0.00000000      0.00000000      0.12565854     -0.02053463      0.39187624      0.00000000      0.00000000      0.00000000      0.15707317     -0.03546459      0.56379128      0.00000000      0.00000000      0.00000000      0.18848781     -0.05628034      0.76656201      0.00000000      0.00000000      0.00000000      0.21990244     -0.08394814      0.99998836      0.00000000      0.00000000      0.00000000      0.25131708     -0.11942749      1.26383997      0.00000000      0.00000000      0.00000000      0.28273171     -0.16367016      1.55785647      0.00000000      0.00000000      0.00000000      0.31414635
      0.15000000      0.00000000      0.00000000      0.00000000      0.00000000      0.00000000      0.00000000     -0.00036999      0.02355541      0.00000000      0.00000000      0.00000000      0.04711953     -0.00295901      0.09416934      0.00000000      0.00000000      0.00000000      0.09423906     -0.00998113      0.21168504      0.00000000      0.00000000      0.00000000      0.14135859     -0.02364062      0.37584165      0.00000000      0.00000000      0.00000000      0.18847812     -0.04612698      0.58627477      0.00000000      0.00000000      0.00000000      0.23559765     -0.07961015      0.84251726      0.00000000      0.00000000      0.00000000      0.28271719     -0.12623563      1.14400032      0.00000000      0.00000000      0.00000000      0.32983672     -0.18811976      1.49005469      0.00000000      0.00000000      0.00000000      0.37695625     -0.26734502      1.87991219      0.00000000      0.00000000      0.00000000      0.42407578     -0.36595536      2.31270741      0.00000000      0.00000000      0.00000000      0.47119531
      0.20000000      0.00000000      0.00000000      0.00000000      0.00000000      0.00000000      0.00000000     -0.00065761      0.03140043      0.00000000      0.00000000      0.00000000      0.06282152     -0.00525787      0.12547785      0.00000000      0.00000000      0.00000000      0.12564305     -0.01772788      0.28186109      0.00000000      0.00000000      0.00000000      0.18846457     -0.04196368      0.49993319      0.00000000      0.00000000      0.00000000      0.25128609     -0.08181491      0.77883379      0.00000000      0.00000000      0.00000000      0.31410761     -0.14106960      1.11746257      0.00000000      0.00000000      0.00000000      0.37692914     -0.22343920      1.51448355      0.00000000      0.00000000      0.00000000      0.43975066     -0.33254400      1.96833038      0.00000000      0.00000000      0.00000000      0.50257218     -0.47189881      2.47721254      0.00000000      0.00000000      0.00000000      0.56539370     -0.64489906      3.03912234      0.00000000      0.00000000      0.00000000      0.62821523
      0.25000000      0.00000000      0.00000000      0.00000000      0.00000000      0.00000000      0.00000000     -0.00102719      0.03923966      0.00000000      0.00000000      0.00000000      0.07851965     -0.00821022      0.15671683      0.00000000      0.00000000      0.00000000      0.15703929     -0.02766700      0.35170760      0.00000000      0.00000000      0.00000000      0.23555894     -0.06543979      0.62301041      0.00000000      0.00000000      0.00000000      0.31407858     -0.12745800      0.96895344      0.00000000      0.00000000      0.00000000      0.39259823     -0.21950163      1.38740494      0.00000000      0.00000000      0.00000000      0.47111788     -0.34716566      1.87578633      0.00000000      0.00000000      0.00000000      0.54963753     -0.51582558      2.43108812      0.00000000      0.00000000      0.00000000      0.62815717     -0.73060423      3.04988846      0.00000000      0.00000000      0.00000000      0.70667682     -0.99634030      3.72837420      0.00000000      0.00000000      0.00000000      0.78519647
      0.30000000      0.00000000      0.00000000      0.00000000      0.00000000      0.00000000      0.00000000     -0.00147859      0.04707164      0.00000000      0.00000000      0.00000000      0.09421294     -0.01181359      0.18786905      0.00000000      0.00000000      0.00000000      0.18842587     -0.03978283      0.42114344      0.00000000      0.00000000      0.00000000      0.28263881     -0.09400776      0.74482577      0.00000000      0.00000000      0.00000000      0.37685174     -0.18287694      1.15604513      0.00000000      0.00000000      0.00000000      0.47106468     -0.31447166      1.65115422      0.00000000      0.00000000      0.00000000      0.56527762     -0.49649425      2.22576165      0.00000000      0.00000000      0.00000000      0.65949055     -0.73619977      2.87477093      0.00000000      0.00000000      0.00000000      0.75370349     -1.04033168      3.59242568      0.00000000      0.00000000      0.00000000      0.84791642     -1.41506197      4.37236063      0.00000000      0.00000000      0.00000000      0.94212936
      0.35000000      0.00000000      0.00000000      0.00000000      0.00000000      0.00000000      0.00000000     -0.00201163      0.05489494      0.00000000      0.00000000      0.00000000      0.10990044     -0.01606493      0.21891741      0.00000000      0.00000000      0.00000000      0.21980087     -0.05405631      0.49008831      0.00000000      0.00000000      0.00000000      0.32970131     -0.12759330      0.86513571      0.00000000      0.00000000      0.00000000      0.43960174     -0.24785458      1.33953431      0.00000000      0.00000000      0.00000000      0.54950218     -0.42545502      1.90756003      0.00000000      0.00000000      0.00000000      0.65940261     -0.67031767      2.56235910      0.00000000      0.00000000      0.00000000      0.76930305     -0.99155397      3.29603075      0.00000000      0.00000000      0.00000000      0.87920348     -1.39735386      4.09972253      0.00000000      0.00000000      0.00000000      0.98910392     -1.89488692      4.96373713      0.00000000      0.00000000      0.00000000      1.09900435
      0.40000000      0.00000000      0.00000000      0.00000000      0.00000000      0.00000000      0.00000000     -0.00262607      0.06270813      0.00000000      0.00000000      0.00000000      0.12558119     -0.02096069      0.24984489      0.00000000      0.00000000      0.00000000      0.25116237     -0.07046502      0.55846288      0.00000000      0.00000000      0.00000000      0.37674356     -0.16610930      0.98370139      0.00000000      0.00000000      0.00000000      0.50232474     -0.32213703      1.51886295      0.00000000      0.00000000      0.00000000      0.62790593     -0.55184074      2.15551882      0.00000000      0.00000000      0.00000000      0.75348711     -0.86735251      2.88364170      0.00000000      0.00000000      0.00000000      0.87906830     -1.27945298      3.69176373      0.00000000      0.00000000      0.00000000      1.00464948     -1.79740152      4.56715705      0.00000000      0.00000000      0.00000000      1.13023067     -2.42879040      5.49603429      0.00000000      0.00000000      0.00000000      1.25581186
      0.45000000      0.00000000      0.00000000      0.00000000      0.00000000      0.00000000      0.00000000     -0.00332166      0.07050980      0.00000000      0.00000000      0.00000000      0.14125424     -0.02649676      0.28063466      0.00000000      0.00000000      0.00000000      0.28250847     -0.08898327      0.62618898      0.00000000      0.00000000      0.00000000      0.42376271     -0.20945608      1.10028946      0.00000000      0.00000000      0.00000000      0.56501695     -0.40543503      1.69349220      0.00000000      0.00000000      0.00000000      0.70627118     -0.69293590      2.39398084      0.00000000      0.00000000      0.00000000      0.84752542     -1.08615139      3.18780192      0.00000000      0.00000000      0.00000000      0.98877965     -1.59716841      4.05914283      0.00000000      0.00000000      0.00000000      1.13003389     -2.23572731      4.99064682      0.00000000      0.00000000      0.00000000      1.27128813     -3.00902786      5.96375868      0.00000000      0.00000000      0.00000000      1.41254236
      0.50000000      0.00000000      0.00000000      0.00000000      0.00000000      0.00000000      0.00000000     -0.00409813      0.07829851      0.00000000      0.00000000      0.00000000      0.15691864     -0.03266852      0.31127003      0.00000000      0.00000000      0.00000000      0.31383728     -0.10958211      0.69318974      0.00000000      0.00000000      0.00000000      0.47075591     -0.25752186      1.21467275      0.00000000      0.00000000      0.00000000      0.62767455     -0.49742542      1.86290466      0.00000000      0.00000000      0.00000000      0.78459319     -0.84797064      2.62195649      0.00000000      0.00000000      0.00000000      0.94151183     -1.32511654      3.47317608      0.00000000      0.00000000      0.00000000      1.09843047     -1.94171120      4.39564643      0.00000000      0.00000000      0.00000000      1.25534911     -2.70717604      5.36669970      0.00000000      0.00000000      0.00000000      1.41226774     -3.62727428      6.36247423      0.00000000      0.00000000      0.00000000      1.56918638
      0.55000000      0.00000000      0.00000000      0.00000000      0.00000000      0.00000000      0.00000000     -0.00495514      0.08607288      0.00000000      0.00000000      0.00000000      0.17257345     -0.03947083      0.34173450      0.00000000      0.00000000      0.00000000      0.34514690     -0.13222945      0.75938972      0.00000000      0.00000000      0.00000000      0.51772035     -0.31018310      1.32663095      0.00000000      0.00000000      0.00000000      0.69029380     -0.59775293      2.02660671      0.00000000      0.00000000      0.00000000      0.86286725     -1.01610364      2.83852230      0.00000000      0.00000000      0.00000000      1.03544070     -1.58251474      3.73825752      0.00000000      0.00000000      0.00000000      1.20801415     -2.30986718      4.69908327      0.00000000      0.00000000      0.00000000      1.38058760     -3.20626069      5.69245556      0.00000000      0.00000000      0.00000000      1.55316105     -4.27477321      6.68886354      0.00000000      0.00000000      0.00000000      1.72573450
      0.60000000      0.00000000      0.00000000      0.00000000      0.00000000      0.00000000      0.00000000     -0.00589235      0.09383151      0.00000000      0.00000000      0.00000000      0.18821774     -0.04689804      0.37201179      0.00000000      0.00000000      0.00000000      0.37643547     -0.15689013      0.82471510      0.00000000      0.00000000      0.00000000      0.56465321     -0.36730500      1.43595129      0.00000000      0.00000000      0.00000000      0.75287094     -0.70603195      2.18413063      0.00000000      0.00000000      0.00000000      0.94108868     -1.19642810      3.04282631      0.00000000      0.00000000      0.00000000      1.12930641     -1.85649341      3.98170797      0.00000000      0.00000000      0.00000000      1.31752415     -2.69823486      4.96761293      0.00000000      0.00000000      0.00000000      1.50574188     -3.72724237      5.96571760      0.00000000      0.00000000      0.00000000      1.69395961     -4.94249137      6.94076746      0.00000000      0.00000000      0.00000000      1.88217735
      0.65000000      0.00000000      0.00000000      0.00000000      0.00000000      0.00000000      0.00000000     -0.00690938      0.10157302      0.00000000      0.00000000      0.00000000      0.20385056     -0.05494399      0.40208582      0.00000000      0.00000000      0.00000000      0.40770113     -0.18352599      0.88909375      0.00000000      0.00000000      0.00000000      0.61155169     -0.42874198      1.54242915      0.00000000      0.00000000      0.00000000      0.81540225     -0.82184858      2.33503653      0.00000000      0.00000000      0.00000000      1.01925282     -1.38797808      3.23409295      0.00000000      0.00000000      0.00000000      1.22310338     -2.14509762      4.20236725      0.00000000      0.00000000      0.00000000      1.42695394     -3.10326522      5.19976191      0.00000000      0.00000000      0.00000000      1.63080451     -4.26421322      6.18497346      0.00000000      0.00000000      0.00000000      1.83465507     -5.62127654      7.11720296      0.00000000      0.00000000      0.00000000      2.03850563
      0.70000000      0.00000000      0.00000000      0.00000000      0.00000000      0.00000000      0.00000000     -0.00800581      0.10929605      0.00000000      0.00000000      0.00000000      0.21947101     -0.06360205      0.43194076      0.00000000      0.00000000      0.00000000      0.43894202     -0.21209599      0.95245543      0.00000000      0.00000000      0.00000000      0.65841304     -0.49433821      1.64586863      0.00000000      0.00000000      0.00000000      0.87788405     -0.94476278      2.47891421      0.00000000      0.00000000      0.00000000      1.09735506     -1.58973529      3.41162723      0.00000000      0.00000000      0.00000000      1.31682607     -2.44628802      4.39926126      0.00000000      0.00000000      0.00000000      1.53629708     -3.52130277      5.39443505      0.00000000      0.00000000      0.00000000      1.75576809     -4.81118075      6.34940565      0.00000000      0.00000000      0.00000000      1.97523911     -6.30201520      7.21835883      0.00000000      0.00000000      0.00000000      2.19471012
      0.75000000      0.00000000      0.00000000      0.00000000      0.00000000      0.00000000      0.00000000     -0.00918120      0.11699923      0.00000000      0.00000000      0.00000000      0.23507816     -0.07286509      0.46156105      0.00000000      0.00000000      0.00000000      0.47015633     -0.24255628      1.01473190      0.00000000      0.00000000      0.00000000      0.70523449     -0.56392817      1.74608312      0.00000000      0.00000000      0.00000000      0.94031266     -1.07431056      2.61538474      0.00000000      0.00000000      0.00000000      1.17539082     -1.80063618      3.57481845      0.00000000      0.00000000      0.00000000      1.41046899     -2.75795924      4.57160799      0.00000000      0.00000000      0.00000000      1.64554715     -3.94862731      5.55092224      0.00000000      0.00000000      0.00000000      1.88062532     -5.36215217      6.45889135      0.00000000      0.00000000      0.00000000      2.11570348     -6.97578675      7.24557001      0.00000000      0.00000000      0.00000000      2.35078164
      0.80000000      0.00000000      0.00000000      0.00000000      0.00000000      0.00000000      0.00000000     -0.01043507      0.12468123      0.00000000      0.00000000      0.00000000      0.25067111     -0.08272553      0.49093138      0.00000000      0.00000000      0.00000000      0.50134223     -0.27486035      1.07585702      0.00000000      0.00000000      0.00000000      0.75201334     -0.63733728      1.84289580      0.00000000      0.00000000      0.00000000      1.00268445     -1.21000641      2.74410193      0.00000000      0.00000000      0.00000000      1.25335557     -2.01957918      3.72314311      0.00000000      0.00000000      0.00000000      1.50402668     -3.07795877      4.71882176      0.00000000      0.00000000      0.00000000      1.75469779     -4.38149600      5.66890034      0.00000000      0.00000000      0.00000000      2.00536891     -5.91121747      6.51399166      0.00000000      0.00000000      0.00000000      2.25604002     -7.63401152      7.20127102      0.00000000      0.00000000      0.00000000      2.50671113
      0.85000000      0.00000000      0.00000000      0.00000000      0.00000000      0.00000000      0.00000000     -0.01176692      0.13234072      0.00000000      0.00000000      0.00000000      0.26624894     -0.09317533      0.52003672      0.00000000      0.00000000      0.00000000      0.53249788     -0.30895905      1.13576680      0.00000000      0.00000000      0.00000000      0.79874683     -0.71438238      1.93614001      0.00000000      0.00000000      0.00000000      1.06499578     -1.35134557      2.86475348      0.00000000      0.00000000      0.00000000      1.33124473     -2.24543209      3.85616713      0.00000000      0.00000000      0.00000000      1.59749369     -3.40410575      4.84051532      0.00000000      0.00000000      0.00000000      1.86374265     -4.81618468      5.74843032      0.00000000      0.00000000      0.00000000      2.12999160     -6.45262939      6.51593069      0.00000000      0.00000000      0.00000000      2.39624057     -8.26858916      7.08893012      0.00000000      0.00000000      0.00000000      2.66248954
      0.90000000      0.00000000      0.00000000      0.00000000      0.00000000      0.00000000      0.00000000     -0.01317621      0.13997641      0.00000000      0.00000000      0.00000000      0.28181081     -0.10420603      0.54886248      0.00000000      0.00000000      0.00000000      0.56362162     -0.34480098      1.19439990      0.00000000      0.00000000      0.00000000      0.84543243     -0.79487289      2.02566020      0.00000000      0.00000000      0.00000000      1.12724325     -1.49780730      2.97706266      0.00000000      0.00000000      0.00000000      1.40905406     -2.47704066      3.97354815      0.00000000      0.00000000      0.00000000      1.69086487     -3.73421131      4.93650082      0.00000000      0.00000000      0.00000000      1.97267568     -5.24903025      5.78995032      0.00000000      0.00000000      0.00000000      2.25448649     -6.98088181      6.46656535      0.00000000      0.00000000      0.00000000      2.53629730     -8.87202792      6.91296563      0.00000000      0.00000000      0.00000000      2.81810811
      0.95000000      0.00000000      0.00000000      0.00000000      0.00000000      0.00000000      0.00000000     -0.01466238      0.14758700      0.00000000      0.00000000      0.00000000      0.29735579     -0.11580870      0.57739418      0.00000000      0.00000000      0.00000000      0.59471158     -0.38233212      1.25169698      0.00000000      0.00000000      0.00000000      0.89206737     -0.87861053      2.11131125      0.00000000      0.00000000      0.00000000      1.18942316     -1.64885599      3.08078792      0.00000000      0.00000000      0.00000000      1.48677895     -2.71323428      4.07503516      0.00000000      0.00000000      0.00000000      1.78413473     -4.06609484      5.00678704      0.00000000      0.00000000      0.00000000      2.08149052     -5.67646680      5.79426289      0.00000000      0.00000000      0.00000000      2.37884631     -7.49077729      6.36834527      0.00000000      0.00000000      0.00000000      2.67620210     -9.43755357      6.67864647      0.00000000      0.00000000      0.00000000      2.97355789
      1.00000000      0.00000000      0.00000000      0.00000000      0.00000000      0.00000000      0.00000000     -0.01622485      0.15517122      0.00000000      0.00000000      0.00000000      0.31288302     -0.12797402      0.60561781      0.00000000      0.00000000      0.00000000      0.62576604     -0.42149645      1.30760150      0.00000000      0.00000000      0.00000000      0.93864905     -0.96539093      2.19295986      0.00000000      0.00000000      0.00000000      1.25153207     -1.80394521      3.17572481      0.00000000      0.00000000      0.00000000      1.56441509     -2.95283561      4.16047011      0.00000000      0.00000000      0.00000000      1.87729811     -4.39760493      5.05157724      0.00000000      0.00000000      0.00000000      2.19018113     -6.09506616      5.76251992      0.00000000      0.00000000      0.00000000      2.50306415     -7.97749600      6.22426579      0.00000000      0.00000000      0.00000000      2.81594716     -9.95921072      6.39197944      0.00000000      0.00000000      0.00000000      3.12883018
